function [PeakPixel,PeakWavelength,PixelCoeff]=GetPeakPixels()
PeakPixel=[1570.25742700000;1602.61334300000;1891.98646200000;2463.07737700000;3027.25360100000;3344.19895000000;3365.74212600000;3429.08988300000;3459.21200600000;3523.64414400000;3555.11015700000;3611.09580000000;3656.69411400000;3679.18328100000;3727.50154900000;3748.64329900000;3803.39448200000;3854.57232300000;3894.50034000000;3925.36296600000;3975.81586800000;3995.82281500000;4103.93925700000;4131.18602000000;4199.51166700000;4281.33619300000;4321.29273900000;4539.36652500000;4644.97879600000;4790.19542300000;4863.46292800000;5063.50314200000];
PeakWavelength=[404.660000000000;407.780000000000;435.840000000000;491.600000000000;546.070000000000;576.960000000000;579.070000000000;585.250000000000;588.190000000000;594.480000000000;597.550000000000;603.010000000000;607.430000000000;609.620000000000;614.310000000000;616.360000000000;621.730000000000;626.650000000000;630.480000000000;633.440000000000;638.300000000000;640.230000000000;650.650000000000;653.290000000000;659.900000000000;667.830000000000;671.700000000000;692.950000000000;703.240000000000;717.390000000000;724.520000000000;743.890000000000];
PixelCoeff=[-3.56000000000000e-07;0.000665317000000000;9.89444817500000;-2518.48175000000];
end